002 0,000 0,000 0,000 0,000 0,000 0,000 0,000 0,000 0,000 0,000 0,000 0,000
007 0,000 0,000 0,000 0,000 0,000 0,000 0,000 0,000 0,000 0,000 0,000 0,000
008 0,000 0,000 0,000 0,000 0,000 0,000 0,000 0,000 0,000 0,000 0,000 0,000
009 0,000 0,000 0,000 0,000 0,000 0,000 0,000 0,000 0,000 0,000 0,000 0,000
010 0,000 0,000 0,000 0,000 0,000 0,000 0,000 0,000 0,000 0,000 0,000 0,000
011 0,000 0,000 0,000 0,000 0,000 0,000 0,000 0,000 0,000 0,000 0,000 0,000
012 0,000 0,000 0,000 0,000 0,000 0,000 0,000 0,000 0,000 0,000 0,000 0,000
015 0,000 0,000 0,000 0,000 0,000 0,000 0,000 0,000 0,000 0,000 0,000 0,000
016 0,000 0,000 0,000 0,000 0,000 0,000 0,000 0,000 0,000 0,000 0,000 0,000
022 0,000 0,000 0,000 0,000 0,000 0,000 0,000 0,000 0,000 0,000 0,000 0,000
251 0,000 0,000 0,000 0,000 0,000 0,000 0,000 0,000 0,000 0,000 0,000 0,000
206 0,000 0,000 0,000 0,000 0,000 0,000 0,000 0,000 0,000 0,000 0,000 0,000
207 0,000 0,000 0,000 0,000 0,000 0,000 0,000 0,000 0,000 0,000 0,000 0,000
028 0,000 0,000 0,000 0,000 0,000 0,000 0,000 0,000 0,000 0,000 0,000 0,000
023 0,800 -0,300 2,000 1,300 2,200 2,400 2,700 1,800 1,100 0,700 1,300 0,900
032 0,000 0,000 0,000 0,000 0,000 0,000 0,000 0,000 0,000 0,000 0,000 0,000
248 1,100 0,500 1,000 0,200 0,500 0,100 0,300 -0,200 0,100 -0,300 -0,200 0,900
261 1,800 0,800 3,200 1,200 0,400 0,800 1,100 0,900 0,600 0,500 1,100 2,800
241 0,100 -0,900 0,000 -1,100 -0,400 -0,400 0,800 1,000 0,200 -0,100 0,100 0,300
118 -0,500 -0,100 1,800 0,400 -0,400 0,400 0,300 -0,300 1,000 0,200 1,300 -0,600
301 -0,500 -0,100 1,800 0,400 -0,400 0,400 0,300 -0,300 1,000 0,200 1,300 -0,600
320 0,000 0,000 0,000 0,000 0,000 0,000 0,000 0,000 0,000 0,000 0,000 0,000
116 -0,600 -0,400 -8,100 -2,100 0,800 -1,800 -1,800 -2,500 -0,100 -2,700 2,200 -0,200
048 0,000 0,000 0,000 0,000 0,000 0,000 0,000 0,000 0,000 0,000 0,000 0,000
049 0,000 0,000 0,000 0,000 0,000 0,000 0,000 0,000 0,000 0,000 0,000 0,000
249 0,000 0,000 0,000 0,000 0,000 0,000 0,000 0,000 0,000 0,000 0,000 0,000
050 0,000 0,000 0,000 0,000 0,000 0,000 0,000 0,000 0,000 0,000 0,000 0,000
052 0,000 0,000 0,000 0,000 0,000 0,000 0,000 0,000 0,000 0,000 0,000 0,000
051 0,000 0,000 0,000 0,000 0,000 0,000 0,000 0,000 0,000 0,000 0,000 0,000
062 0,000 0,000 0,000 0,000 0,000 0,000 0,000 0,000 0,000 0,000 0,000 0,000
089 -0,300 3,500 1,300 0,900 0,700 -3,000 -8,000 -3,500 -1,700 1,200 -3,000 -0,200
217 0,000 0,000 0,000 0,000 0,000 0,000 0,000 0,000 0,000 0,000 0,000 0,000
094 0,000 0,000 0,000 0,000 0,000 0,000 0,000 0,000 0,000 0,000 0,000 0,000
103 -0,400 0,700 -1,100 0,000 1,800 -2,800 1,900 0,400 -0,400 0,700 1,700 -0,200
076 2,600 -6,800 4,100 -5,500 2,700 17,800 13,500 18,300 4,600 12,400 18,700 20,900
072 0,000 0,400 0,300 0,100 0,300 0,000 0,200 0,100 0,000 -0,100 0,400 0,000
078 0,000 0,000 0,000 0,000 0,000 0,000 0,000 0,000 0,000 0,000 0,000 0,000
222 0,000 0,000 0,000 0,000 0,000 0,000 0,000 0,000 0,000 0,000 0,000 0,000
081 0,000 0,000 0,000 0,000 0,000 0,000 0,000 0,000 0,000 0,000 0,000 0,000
252 0,000 0,000 0,000 0,000 0,000 0,000 0,000 0,000 0,000 0,000 0,000 0,000
110 0,000 0,000 0,000 0,000 0,000 0,000 0,000 0,000 0,000 0,000 0,000 0,000
112 0,000 0,000 0,000 0,000 0,000 0,000 0,000 0,000 0,000 0,000 0,000 0,000
113 0,000 0,000 0,000 0,000 0,000 0,000 0,000 0,000 0,000 0,000 0,000 0,000
114 0,000 0,000 0,000 0,000 0,000 0,000 0,000 0,000 0,000 0,000 0,000 0,000
097 1,000 -1,300 11,600 -12,300 -4,800 4,000 5,500 18,400 10,700 -4,500 4,200 2,500
284 1,000 -1,300 11,400 -11,700 -7,200 2,400 5,100 18,500 9,700 -3,700 4,000 3,100
303 -3,500 -1,600 -2,900 -1,300 0,400 -0,700 -0,500 -0,200 0,200 -0,400 -1,200 0,000
123 -7,900 -12,700 -10,200 -14,000 6,900 -15,600 -6,100 -3,700 -2,100 -1,400 6,100 -1,800
129 19,600 18,100 22,600 9,100 7,500 12,300 11,100 7,700 10,100 12,500 15,200 9,600
202 -3,200 -1,500 -2,800 -1,300 0,100 -0,900 -0,600 -0,100 0,200 -0,200 -0,800 0,200
306 -3,500 -1,600 -2,900 -1,300 0,400 -0,700 -0,500 -0,200 0,200 -0,400 -1,200 0,000
203 -0,400 0,400 -0,200 0,300 1,700 0,300 0,200 0,000 -0,100 -0,100 0,100 0,100
122 3,000 2,200 -3,000 -0,500 0,200 -1,200 3,700 1,800 0,400 1,600 1,900 -1,300
129 19,600 18,100 22,600 9,100 7,500 12,300 11,100 7,700 10,100 12,500 15,200 9,600
198 21,700 10,100 15,600 7,800 13,800 13,900 8,100 8,100 3,600 4,200 10,500 14,900
263 -0,600 -0,200 -0,300 -0,400 -0,200 0,100 -0,300 -0,200 -0,200 0,000 0,600 2,000
141 0,000 0,000 0,000 0,000 0,000 0,000 0,000 0,000 0,000 0,000 0,000 0,000
148 0,000 0,000 0,000 0,000 0,000 0,000 0,000 0,000 0,000 0,000 0,000 0,000
183 0,000 0,000 0,000 0,000 0,000 0,000 0,000 0,000 0,000 0,000 0,000 0,000
191 8,700 11,500 28,100 22,200 2,600 4,200 -0,400 1,300 1,700 8,900 15,900 12,100
253 78,200 81,000 72,000 42,200 2,900 9,200 8,700 7,500 16,700 22,500 10,800 34,800
273 294,700 549,200 274,800 493,000 138,000 43,200 42,600 41,100 74,500 0,000 -26,300 272,500
155 23,800 36,900 47,100 38,900 23,500 8,500 25,200 17,800 12,800 26,600 27,6006 1,500
285 1,700 13,700 0,300 -1,800 -1,300 3,400 -1,100 -0,200 -0,200 -0,400 -0,500 -1,300
227 0,000 0,000 0,000 0,000 0,000 0,000 0,000 0,000 0,000 0,000 0,000 0,000
228 0,000 0,000 0,000 0,000 0,000 0,000 0,000 0,000 0,000 0,000 0,000 0,000
230 0,000 0,000 0,000 0,000 0,000 0,000 0,000 0,000 0,000 0,000 0,000 0,000
204 0,000 0,000 0,000 0,000 0,000 0,000 0,000 0,000 0,000 0,000 0,000 0,000
297 0,000 0,000 0,000 0,000 0,000 0,000 0,000 0,000 0,000 0,000 0,000 0,000
172 0,000 0,000 0,000 0,000 0,000 0,000 0,000 0,000 0,000 0,000 0,000 0,000
238 -3,200 8,800 10,300 7,900 17,500 5,300 3,100 11,400 8,700 5,100 12,800 8,700
262 12,700 9,100 12,100 18,300 17,300 13,300 15,100 16,100 19,800 16,800 24,700 18,500
203 -0,400 0,400 -0,200 0,300 1,700 0,300 0,200 0,000 -0,100 -0,100 0,100 0,100
303 3,500 -1,600 -2,900 -1,300 0,400 -0,700 -0,500 0,200 0,200 -0,400 -1,200 0,000
118 -0,500 -0,100 1,800 0,400 -0,400 0,400 0,300 -0,300 1,000 0,200 1,300 -0,600
055 0,000 0,000 0,000 0,000 0,000 0,000 0,000 0,000 0,000 0,000 0,000 0,000