002 001
007 006
008 006
009 006
010 006
011 006
012 006
015 014
016 014
022 024
251 024
206 025
207 025
028 025
023 205
032 031
248 247
261 247
241 294
118 119
301 119
320 119
048 047
049 047
249 047
050 047
052 047
051 047
062 063
089 216
217 092
094 092
103 102
076 074
072 071
078 077
222 077
081 077
252 259
110 111
112 111
113 111
114 111
097 098
284 098
303 201
123 125
129 130
202 201
203 201
122 121
129 130
198 197
263 134
141 144
148 144
183 262
191 270
253 270
273 257
155 156
285 287
227 229
228 229
230 229
204 280
297 280
238 237
262 144
303 201
203 201
118 119
055 057